Parameters Hydrophobicity Charge PI LIPSI LIPSM Hydrophobic Aliphatic Aromatic Poloar Negative Positve Small Cbbranched Mass Volume
A  1.80  2.00  6.00  0.71  0.82  3.00  2.00  1.00  2.00  1.00  1.00  3.00  1.00 89.09 67.00
R  -4.50   3.00  10.67   1.47   0.18   2.00   1.00   1.00   3.00   1.00   2.00   1.00   1.00 174.20  86.00
N  -3.50   2.00   5.41   0.96   0.19   1.00   1.00   1.00   3.00   1.00   1.00   1.00   1.00 132.11  91.00
D  -3.50   1.00   2.77   1.20   0.29   1.00   1.00   1.00   3.00   2.00   1.00   2.00   1.00 133.10 109.00
C   2.50   2.00   5.05   1.16   1.01   4.00   1.00   1.00   1.00   1.00   1.00   1.00   1.00 121.15 135.00
Q  -3.50   2.00   5.65   0.61   0.26   1.00   1.00   1.00   3.00   1.00   1.00   1.00   1.00 146.14  48.00
E  -3.50   1.00   3.22   0.90   0.19   1.00   1.00   1.00   3.00   2.00   1.00   1.00   1.00 147.13 118.00
G  -0.40   2.00   5.97   0.48   0.35   3.00   1.00   1.00   2.00   1.00   1.00   3.00   1.00  75.06 124.00
H  -3.20   2.00   7.59   0.82   0.12   3.00   1.00   2.00   2.00   1.00   2.00   1.00   1.00 155.15 135.00
I   4.50   2.00   6.02   1.11   1.88   4.00   2.00   1.00   1.00   1.00   1.00   1.00   2.00 131.17 124.00
L   3.80   2.00   5.98   1.18   1.71   4.00   2.00   1.00   1.00   1.00   1.00   1.00   1.00 131.17 124.00
K  -3.90   3.00   9.74   2.38   0.42   2.00   1.00   1.00   3.00   1.00   2.00   1.00   1.00 146.18  96.00
M   1.90   2.00   5.74   1.38   1.02   4.00   2.00   1.00   1.00   1.00   1.00   1.00   1.00 149.20  90.00
F   2.80   2.00   5.48   1.57   1.97   4.00   1.00   2.00   1.00   1.00   1.00   1.00   1.00 165.19 114.00
P  -1.60   2.00   6.30   0.99   0.65   3.00   2.00   1.00   2.00   1.00   1.00   1.00   1.00 115.13 148.00
S  -0.80   2.00   5.68   0.69   0.55   3.00   1.00   1.00   2.00   1.00   1.00   3.00   1.00 105.09  73.00
T  -0.70   2.00   5.66   0.72   0.66   3.00   1.00   1.00   2.00   1.00   1.00   2.00   2.00 119.12  93.00
W  -0.90   2.00   5.89   2.45   1.65   4.00   1.00   2.00   1.00   1.00   1.00   1.00   1.00 204.22 105.00
Y  -1.30   2.00   5.66   1.23   0.94   3.00   1.00   2.00   2.00   1.00   1.00   1.00   1.00 181.19 163.00
V   4.20   2.00   5.96   0.98   1.77   4.00   2.00   1.00   1.00   1.00   1.00   1.00   2.00 117.14 141.00
