1f88_A1	1	382	37	64	1	325
1fx8_A5	1	309	179	195	1	309
1ijd_A1	1	58	19	36	1	58
1j4n_A5	1	298	169	186	1	298
1kzu_A1	1	58	19	37	1	58
1lda_A2	1	309	43	60	1	309
1lgh_A1	1	61	20	38	1	61
1orq_C4	1	245	192	219	1	245
1xfh_A4	1	464	128	161	1	464
1xio_A4	1	287	103	121	1	287
1xl6_B2	1	331	108	135	1	331
1y5n_C1	1	247	4	28	1	247
1yce_D2	1	97	63	86	1	97
2acz_D3	1	126	89	113	1	126
2b2j_A6	1	438	189	208	1	438
2b6o_A2	1	289	42	60	1	289
2b6p_A5	1	289	158	176	1	289
2bs4_C3	1	281	125	151	1	281
2e76_A4	1	236	187	206	1	236
2evu_A2	1	270	56	77	1	270
2evu_A5	1	270	174	191	1	270
2fyn_A4	1	489	198	216	1	416
2h8a_A2	1	169	75	94	1	169
2hvj_C2	1	136	87	114	1	136
2j58_C1	1	394	335	354	152	394
2ns1_A1	1	453	14	35	1	453
2ns1_A6	1	453	199	219	1	453
2o9e_A5	1	257	164	184	1	257
2oar_A1	1	191	42	70	1	191
2onk_C5	1	312	209	226	1	312
2qks_A2	1	353	104	128	1	353
2vpx_C6	1	278	176	190	1	278
2vv5_A2	1	314	67	87	1	314
2vv5_A3	1	314	92	108	1	314
2w2e_A2	1	306	87	104	1	306
2w2e_A5	1	306	200	216	1	306
2wie_B1	1	90	11	33	1	90
2wie_G2	1	90	55	79	1	90
2wpd_J1	1	83	6	27	1	83
2xnd_M1	1	79	16	29	1	79
2zw3_A1	1	248	25	50	1	248
2zy9_A5	1	520	445	466	221	520
2zz9_A2	1	331	50	67	1	331
3am6_B5	1	251	129	149	1	251
3b9z_A1	1	426	12	30	1	426
3b9z_A6	1	426	173	191	1	426
3beh_A6	1	390	187	203	1	336
3cx5_C4	1	423	179	201	1	360
3d31_C3	1	324	119	139	1	324
3d31_C4	1	324	164	182	1	324
3d31_C5	1	324	221	238	1	324
3dh4_A1	1	583	450	465	16	583
3dww_A2	1	173	74	96	1	173
3h1l_C4	1	418	179	198	1	360
3h9v_A2	1	391	307	335	1	391
3hd6_A2	1	539	66	83	1	539
3hd6_A7	1	539	226	243	1	539
3ij4_A1	1	511	50	74	1	511
3ij4_A2	1	511	422	444	1	511
3j5p_A6	1	657	525	550	137	657
3kcu_A5	1	313	189	219	1	313
3kcv_B2	1	313	64	83	1	313
3klz_C5	1	308	191	205	1	308
3lsv_A2	1	348	222	244	1	348
3m78_A6	1	345	166	186	1	345
3ncy_A1	1	489	408	423	1	489
3nd0_A9	1	512	397	411	1	512
3ne2_A2	1	270	57	75	1	270
3oe6_A5	1	558	205	227	16	388
3p03_B8	1	622	309	322	1	622
3p4q_D3	1	130	95	117	1	130
3qe7_A1	1	471	367	382	1	471
3qnq_A2	1	486	72	90	1	486
3rif_B2	1	381	242	264	2	381
3rw0_A6	1	313	212	232	1	313
3spi_A2	1	377	121	149	1	377
3syq_B2	1	374	119	146	1	374
3t9n_E3	1	310	90	101	1	310
3tdr_A5	1	294	183	201	1	294
3tuz_A4	1	238	146	166	1	238
3ubb_A2	1	200	50	75	1	200
3v3c_A1	1	86	13	34	1	86
3wmm_A1	1	67	28	40	1	67
3x3b_A2	1	319	59	80	1	319
3x3c_A1	1	319	28	52	1	319
3zk2_A1	1	97	11	33	1	97
4a01_A1	1	842	577	593	1	842
4av3_A1	1	808	643	660	1	808
4cbj_C2	1	75	55	68	1	75
4cbj_E1	1	75	5	18	1	75
4cjz_B2	1	143	62	78	1	143
4cof_A2	1	390	250	268	15	339
4csk_A2	1	321	73	91	1	321
4dkl_A5	1	510	182	204	1	359
4ev6_C1	1	372	283	303	1	372
4fc4_B5	1	287	176	193	1	287
4fi3_A3	1	383	108	131	1	383
4g1u_A5	1	392	173	186	1	392
4gpo_A1	1	344	10	34	1	344
4gx2_B2	1	621	78	102	1	243
4gyc_B2	1	148	65	83	1	148
4h33_A2	1	150	69	93	1	150
4hks_A1	1	235	30	46	1	235
4hod_A1	1	566	484	502	5	566
4i0u_D1	1	386	296	315	1	386
4ia4_A2	1	309	76	93	1	309
4jc7_A2	1	171	57	80	1	171
4jta_B6	1	565	401	422	54	565
4kjp_A6	1	490	178	190	1	490
4knf_A1	1	287	34	52	1	287
4lto_B2	1	167	78	100	1	167
4mnd_A4	1	526	370	385	43	526
4myc_A6	1	657	280	299	1	504
4o7g_A5	1	253	161	184	1	253
4o9p_A1	1	110	6	22	1	110
4or2_A1	1	427	122	147	4	427
4pd9_A6	1	466	248	280	104	466
4q7c_A4	1	409	290	305	1	409
4qe9_A2	1	91	54	82	1	91
4qin_A5	1	514	212	235	1	353
4qnc_A2	1	102	34	52	1	102
4qnd_A2	1	111	48	68	1	111
4r0c_A2	1	541	73	97	1	476
4r0c_A7	1	541	324	351	1	541
4rai_A2	1	105	57	84	1	105
4rdq_A2	1	449	58	79	1	449
4ri2_A2	1	233	78	97	1	233
4ri3_A3	1	233	141	158	1	233
4rp9_A2	1	511	46	70	1	511
4rp9_A7	1	511	264	287	1	511
4ryi_A2	1	199	71	91	1	199
4tpj_A1	1	575	357	376	1	575
4tsy_A1	1	196	7	28	1	196
4u1x_C2	1	906	590	614	397	906
4v1f_C2	1	94	55	78	1	94
4v1h_C1	1	94	17	40	1	94
4wd7_A2	1	331	52	67	1	331
4wit_A1	1	808	597	621	1	808
4x5m_B3	1	110	61	82	1	110
4x5t_B2	1	363	227	243	2	312
4x88_A2	1	163	69	93	1	163
4y7k_A1	1	302	44	66	1	302
4ymv_C4	1	242	147	168	1	242
4yzf_A6	1	1002	575	589	371	1002
4yzi_A3	1	334	118	136	1	334
4yzi_A4	1	334	150	169	1	334
5a43_A1	1	138	6	23	1	138
5aex_A6	1	555	230	249	1	555
5af1_A1	1	496	32	50	1	496
5ahy_A4	1	287	113	135	1	287
5aji_D1	1	314	35	59	1	314
5bq6_A2	1	82	49	71	1	82
5bz3_A3	1	423	47	71	1	423
5c5x_A5	1	269	160	177	1	269
5c65_A6	1	529	189	209	1	529
5d0y_A5	1	202	119	140	1	202
5d0y_A6	1	202	154	175	1	202
5duo_A3	1	172	72	92	1	172
5ekp_A2	1	375	283	306	83	375
5f1c_A2	1	393	325	348	1	393
5fxb_A1	1	140	6	32	1	140
5hej_A2	1	354	231	253	1	354
P01908	1	254	218	237	1	254
P02724	1	150	94	106	1	150
P05106	1	788	722	739	634	788
P06583	1	303	36	61	1	303
P08514	1	1039	999	1019	481	1034
P0A6S5	1	103	5	21	1	103
P25189	1	248	154	179	1	248
Q08345	1	913	418	438	46	905
Q12913	1	1337	973	996	624	1297
Q12983	1	194	172	184	1	194
Q16832	1	855	400	420	45	848
Q6ZRP7	1	698	664	679	430	698
Q7L4S7	1	300	5	24	1	300
Q8NI60	1	647	214	230	1	434
Q92729	1	1446	747	770	490	1143
Q9Y286	1	467	351	370	258	467
O43914	1   113 43	64	1	113
P00533	1   968 646	667	505	968
P02724	1   150 92	114	1	150
P04626	1   976 654	675	510	976
P05067	1   715 701	723	363	715
P09619	1   708 532	556	327	708
P20963	1   164 31	51	1	164
P21709	1   880 548	568	334	880
P21860	1   965 642	666	499	965
P22607	1   748 372	396	268	748
P29317	1   870 535	558	437	870
Q12983	1   194 161	184	1	194
Q15303	1   974 652	675	502	974